[38;2;214;219;239m[48;2;217;222;242m▀[38;2;212;217;237m[48;2;214;219;239m▀[38;2;210;215;235m[48;2;212;217;237m▀[38;2;209;214;234m[48;2;211;216;236m▀[38;2;207;211;231m[48;2;210;213;234m▀[38;2;206;211;231m[48;2;207;212;232m▀[38;2;185;194;213m[48;2;186;196;214m▀[38;2;188;187;209m[48;2;188;187;209m▀[38;2;144;147;167m[48;2;151;154;174m▀[38;2;76;100;117m[48;2;77;102;118m▀[38;2;70;107;130m[48;2;72;109;132m▀[38;2;54;98;125m[48;2;55;98;126m▀[38;2;58;107;136m[48;2;58;107;136m▀[38;2;52;100;126m[48;2;53;101;126m▀[38;2;36;82;105m[48;2;38;84;107m▀[38;2;24;70;94m[48;2;23;69;93m▀[38;2;15;62;88m[48;2;15;62;88m▀[38;2;40;90;117m[48;2;40;90;117m▀[38;2;54;105;133m[48;2;55;106;134m▀[38;2;36;87;114m[48;2;37;87;115m▀[38;2;21;68;92m[48;2;22;69;93m▀[38;2;25;69;92m[48;2;26;70;93m▀[38;2;43;90;115m[48;2;43;90;115m▀[38;2;62;115;145m[48;2;62;115;145m▀[38;2;57;109;139m[48;2;58;110;140m▀[38;2;32;80;106m[48;2;33;81;107m▀[38;2;23;69;94m[48;2;23;70;94m▀[38;2;29;80;108m[48;2;28;79;107m▀[38;2;52;108;141m[48;2;52;109;141m▀[38;2;38;95;125m[48;2;39;96;126m▀[38;2;19;70;97m[48;2;20;71;98m▀[38;2;34;85;111m[48;2;35;86;112m▀[38;2;55;110;140m[48;2;56;112;142m▀[38;2;67;128;162m[48;2;69;130;164m▀[38;2;56;114;146m[48;2;55;114;146m▀[38;2;30;83;111m[48;2;30;83;111m▀[38;2;26;78;102m[48;2;27;78;103m▀[38;2;54;110;138m[48;2;55;111;139m▀[38;2;55;113;144m[48;2;54;113;143m▀[38;2;38;93;122m[48;2;39;94;122m▀[38;2;42;92;118m[48;2;41;92;118m▀[38;2;39;91;118m[48;2;40;92;119m▀[38;2;60;117;149m[48;2;60;117;149m▀[38;2;77;140;175m[48;2;76;139;174m▀[38;2;36;90;122m[48;2;33;87;119m▀[38;2;21;58;82m[48;2;24;60;85m▀[38;2;54;86;107m[48;2;33;66;87m▀[38;2;76;121;147m[48;2;54;100;127m▀[38;2;78;134;161m[48;2;77;133;160m▀[38;2;19;52;79m[48;2;18;52;78m▀[0m
[38;2;219;224;244m[48;2;219;224;244m▀[38;2;216;221;241m[48;2;216;221;241m▀[38;2;213;218;238m[48;2;213;218;238m▀[38;2;211;216;236m[48;2;212;217;237m▀[38;2;210;214;234m[48;2;211;216;236m▀[38;2;207;212;232m[48;2;207;212;232m▀[38;2;189;197;216m[48;2;193;198;218m▀[38;2;186;187;208m[48;2;183;188;208m▀[38;2;157;161;181m[48;2;163;167;187m▀[38;2;80;101;118m[48;2;86;99;120m▀[38;2;73;108;132m[48;2;75;108;132m▀[38;2;55;98;126m[48;2;56;97;125m▀[38;2;58;105;135m[48;2;59;104;134m▀[38;2;53;100;126m[48;2;54;98;125m▀[38;2;39;84;108m[48;2;39;83;107m▀[38;2;26;71;95m[48;2;28;71;96m▀[38;2;18;64;89m[48;2;18;63;89m▀[38;2;39;87;115m[48;2;39;85;113m▀[38;2;56;105;134m[48;2;57;105;135m▀[38;2;36;86;114m[48;2;35;85;113m▀[38;2;21;68;92m[48;2;20;66;91m▀[38;2;25;70;93m[48;2;24;69;91m▀[38;2;43;90;115m[48;2;42;89;114m▀[38;2;62;116;146m[48;2;62;115;146m▀[38;2;58;111;140m[48;2;58;110;140m▀[38;2;33;81;107m[48;2;32;80;106m▀[38;2;23;70;94m[48;2;22;69;93m▀[38;2;27;78;106m[48;2;27;78;107m▀[38;2;52;109;141m[48;2;53;109;141m▀[38;2;41;97;127m[48;2;42;96;127m▀[38;2;20;72;98m[48;2;21;71;98m▀[38;2;36;86;112m[48;2;37;86;112m▀[38;2;57;111;142m[48;2;57;111;142m▀[38;2;69;129;163m[48;2;70;127;162m▀[38;2;55;111;142m[48;2;57;110;140m▀[38;2;28;82;109m[48;2;28;82;108m▀[38;2;25;79;103m[48;2;24;80;104m▀[38;2;56;111;141m[48;2;55;112;143m▀[38;2;54;112;144m[48;2;53;110;144m▀[38;2;39;94;122m[48;2;39;94;122m▀[38;2;41;92;118m[48;2;42;92;119m▀[38;2;40;92;119m[48;2;41;93;120m▀[38;2;61;118;150m[48;2;63;121;152m▀[38;2;76;137;172m[48;2;74;133;168m▀[38;2;31;84;115m[48;2;28;80;108m▀[38;2;24;62;86m[48;2;25;68;89m▀[38;2;8;44;66m[48;2;6;48;69m▀[38;2;35;83;111m[48;2;38;89;117m▀[38;2;77;131;159m[48;2;75;128;157m▀[38;2;18;51;78m[48;2;17;47;75m▀[0m
[38;2;219;224;244m[48;2;218;223;242m▀[38;2;216;221;241m[48;2;216;221;240m▀[38;2;213;218;238m[48;2;213;218;238m▀[38;2;212;217;237m[48;2;211;216;236m▀[38;2;211;216;236m[48;2;209;214;234m▀[38;2;208;213;233m[48;2;208;213;233m▀[38;2;196;201;221m[48;2;198;203;222m▀[38;2;180;185;205m[48;2;179;184;203m▀[38;2;169;173;193m[48;2;174;179;198m▀[38;2;88;101;121m[48;2;91;103;122m▀[38;2;75;108;132m[48;2;77;106;129m▀[38;2;55;96;124m[48;2;55;94;121m▀[38;2;57;102;132m[48;2;56;101;128m▀[38;2;51;96;123m[48;2;49;96;120m▀[38;2;38;82;106m[48;2;38;82;104m▀[38;2;28;71;96m[48;2;29;73;96m▀[38;2;18;63;89m[48;2;17;63;87m▀[38;2;36;82;110m[48;2;33;79;105m▀[38;2;57;105;135m[48;2;54;102;129m▀[38;2;36;86;114m[48;2;37;86;114m▀[38;2;20;66;91m[48;2;21;65;90m▀[38;2;24;69;91m[48;2;24;66;90m▀[38;2;41;88;113m[48;2;44;89;114m▀[38;2;61;114;145m[48;2;62;112;144m▀[38;2;59;111;141m[48;2;58;109;138m▀[38;2;33;81;107m[48;2;33;80;104m▀[38;2;23;69;94m[48;2;24;69;92m▀[38;2;26;77;105m[48;2;28;76;103m▀[38;2;54;110;143m[48;2;54;109;140m▀[38;2;39;93;124m[48;2;43;93;123m▀[38;2;22;72;99m[48;2;24;73;99m▀[38;2;37;85;112m[48;2;36;87;111m▀[38;2;58;112;143m[48;2;58;110;140m▀[38;2;69;127;162m[48;2;70;124;158m▀[38;2;55;108;138m[48;2;55;106;134m▀[38;2;26;81;106m[48;2;28;80;107m▀[38;2;25;81;106m[48;2;27;81;110m▀[38;2;59;115;146m[48;2;60;115;146m▀[38;2;52;110;144m[48;2;54;108;141m▀[38;2;38;94;122m[48;2;39;92;123m▀[38;2;42;92;119m[48;2;39;93;120m▀[38;2;43;95;122m[48;2;42;97;124m▀[38;2;65;122;154m[48;2;66;123;155m▀[38;2;72;131;166m[48;2;72;129;165m▀[38;2;27;78;107m[48;2;28;77;106m▀[38;2;28;71;92m[48;2;32;73;94m▀[38;2;5;46;67m[48;2;4;46;66m▀[38;2;40;90;118m[48;2;40;93;120m▀[38;2;73;126;155m[48;2;72;126;155m▀[38;2;14;45;73m[48;2;14;43;71m▀[0m
[38;2;216;221;240m[48;2;214;219;238m▀[38;2;214;219;238m[48;2;212;217;236m▀[38;2;212;217;236m[48;2;210;215;234m▀[38;2;211;216;235m[48;2;209;214;233m▀[38;2;209;214;233m[48;2;208;213;232m▀[38;2;208;213;232m[48;2;208;213;232m▀[38;2;198;203;222m[48;2;199;204;223m▀[38;2;181;186;205m[48;2;182;187;206m▀[38;2;178;182;201m[48;2;182;186;205m▀[38;2;94;105;124m[48;2;97;107;127m▀[38;2;77;104;127m[48;2;76;103;125m▀[38;2;54;92;119m[48;2;54;91;117m▀[38;2;55;101;127m[48;2;54;99;125m▀[38;2;49;96;119m[48;2;48;94;117m▀[38;2;38;82;103m[48;2;37;81;103m▀[38;2;29;73;96m[48;2;29;73;96m▀[38;2;17;63;86m[48;2;17;63;86m▀[38;2;30;77;101m[48;2;29;76;100m▀[38;2;52;100;126m[48;2;53;101;127m▀[38;2;37;85;113m[48;2;37;85;112m▀[38;2;20;63;89m[48;2;19;64;90m▀[38;2;24;64;88m[48;2;22;64;89m▀[38;2;42;86;112m[48;2;41;86;112m▀[38;2;61;111;142m[48;2;62;113;143m▀[38;2;59;109;138m[48;2;60;112;142m▀[38;2;33;79;103m[48;2;32;80;105m▀[38;2;24;69;92m[48;2;22;68;92m▀[38;2;27;75;101m[48;2;26;74;99m▀[38;2;54;108;138m[48;2;54;107;138m▀[38;2;43;91;121m[48;2;42;90;121m▀[38;2;22;71;96m[48;2;20;69;95m▀[38;2;36;87;110m[48;2;36;87;112m▀[38;2;59;110;140m[48;2;59;111;140m▀[38;2;71;122;157m[48;2;70;121;155m▀[38;2;53;103;131m[48;2;52;102;130m▀[38;2;27;78;106m[48;2;27;77;106m▀[38;2;28;80;111m[48;2;29;81;112m▀[38;2;63;118;149m[48;2;64;119;150m▀[38;2;55;109;140m[48;2;54;108;139m▀[38;2;39;91;123m[48;2;40;92;124m▀[38;2;38;93;120m[48;2;39;94;121m▀[38;2;43;99;126m[48;2;44;100;128m▀[38;2;67;123;157m[48;2;68;125;158m▀[38;2;71;127;164m[48;2;69;125;161m▀[38;2;26;75;105m[48;2;26;75;105m▀[38;2;33;73;95m[48;2;32;73;95m▀[38;2;4;46;67m[48;2;4;45;66m▀[38;2;43;97;124m[48;2;46;100;127m▀[38;2;68;122;151m[48;2;67;119;148m▀[38;2;13;40;68m[48;2;12;39;67m▀[0m
[38;2;213;218;237m[48;2;215;220;239m▀[38;2;210;215;234m[48;2;211;216;235m▀[38;2;208;213;232m[48;2;208;213;232m▀[38;2;208;213;232m[48;2;208;213;232m▀[38;2;208;213;232m[48;2;208;213;232m▀[38;2;206;213;231m[48;2;205;212;230m▀[38;2;199;205;223m[48;2;200;206;225m▀[38;2;182;186;205m[48;2;184;187;206m▀[38;2;185;186;206m[48;2;186;188;207m▀[38;2;106;114;133m[48;2;112;120;139m▀[38;2;74;100;120m[48;2;71;97;118m▀[38;2;54;89;114m[48;2;54;90;114m▀[38;2;54;96;121m[48;2;54;96;121m▀[38;2;49;92;113m[48;2;48;91;113m▀[38;2;36;79;103m[48;2;40;81;102m▀[38;2;28;72;99m[48;2;33;70;93m▀[38;2;19;62;88m[48;2;27;56;76m▀[38;2;31;74;98m[48;2;29;49;67m▀[38;2;53;95;119m[48;2;33;46;61m▀[38;2;40;76;98m[48;2;27;30;42m▀[38;2;27;57;79m[48;2;29;26;38m▀[38;2;25;55;76m[48;2;27;25;37m▀[38;2;38;68;90m[48;2;26;25;37m▀[38;2;57;87;109m[48;2;28;27;39m▀[38;2;58;93;116m[48;2;27;27;41m▀[38;2;37;73;96m[48;2;29;32;45m▀[38;2;25;64;85m[48;2;31;41;54m▀[38;2;27;73;99m[48;2;31;53;71m▀[38;2;55;109;140m[48;2;53;87;110m▀[38;2;42;92;121m[48;2;45;85;108m▀[38;2;22;70;99m[48;2;27;70;94m▀[38;2;36;87;117m[48;2;39;86;114m▀[38;2;57;108;140m[48;2;56;107;139m▀[38;2;68;120;151m[48;2;67;121;154m▀[38;2;49;99;127m[48;2;46;96;124m▀[38;2;26;77;105m[48;2;25;76;105m▀[38;2;31;84;114m[48;2;31;83;114m▀[38;2;62;118;149m[48;2;62;118;149m▀[38;2;53;107;137m[48;2;51;105;136m▀[38;2;40;92;123m[48;2;39;91;122m▀[38;2;39;93;124m[48;2;38;92;123m▀[38;2;44;99;131m[48;2;46;101;133m▀[38;2;70;127;160m[48;2;71;127;161m▀[38;2;70;123;159m[48;2;68;120;156m▀[38;2;25;74;104m[48;2;25;75;105m▀[38;2;27;74;94m[48;2;25;73;93m▀[38;2;7;43;66m[48;2;5;41;64m▀[38;2;50;102;130m[48;2;52;105;132m▀[38;2;66;116;142m[48;2;60;111;137m▀[38;2;10;38;62m[48;2;11;41;65m▀[0m
[38;2;215;220;239m[48;2;215;220;239m▀[38;2;211;216;235m[48;2;211;216;235m▀[38;2;208;213;232m[48;2;209;214;233m▀[38;2;208;213;232m[48;2;209;214;233m▀[38;2;209;214;233m[48;2;209;214;233m▀[38;2;205;212;230m[48;2;205;212;230m▀[38;2;201;207;226m[48;2;203;209;227m▀[38;2;185;188;207m[48;2;185;189;208m▀[38;2;187;189;208m[48;2;187;189;208m▀[38;2;114;121;141m[48;2;125;130;150m▀[38;2;71;95;116m[48;2;71;93;115m▀[38;2;53;88;111m[48;2;49;86;110m▀[38;2;52;96;119m[48;2;51;93;115m▀[38;2;47;91;113m[48;2;49;82;101m▀[38;2;43;72;92m[48;2;24;40;55m▀[38;2;35;46;62m[48;2;19;20;31m▀[38;2;24;32;43m[48;2;40;30;34m▀[38;2;23;23;30m[48;2;73;49;51m▀[38;2;28;21;28m[48;2;101;70;74m▀[38;2;30;26;35m[48;2;102;71;74m▀[38;2;34;33;42m[48;2;105;76;75m▀[38;2;42;38;46m[48;2;107;74;74m▀[38;2;48;41;48m[48;2;130;93;93m▀[38;2;51;41;48m[48;2;156;116;116m▀[38;2;40;37;46m[48;2;144;107;101m▀[38;2;30;27;37m[48;2;143;107;102m▀[38;2;32;25;35m[48;2;106;72;74m▀[38;2;34;31;41m[48;2;80;57;62m▀[38;2;31;34;45m[48;2;48;36;41m▀[38;2;31;46;62m[48;2;33;26;36m▀[38;2;35;62;82m[48;2;29;37;51m▀[38;2;40;82;105m[48;2;39;67;88m▀[38;2;55;105;136m[48;2;59;104;132m▀[38;2;66;118;152m[48;2;64;116;148m▀[38;2;44;93;120m[48;2;42;90;117m▀[38;2;24;74;101m[48;2;22;72;98m▀[38;2;31;82;112m[48;2;32;83;111m▀[38;2;62;115;146m[48;2;63;115;145m▀[38;2;48;101;131m[48;2;45;97;127m▀[38;2;39;89;118m[48;2;38;88;115m▀[38;2;38;90;120m[48;2;38;89;118m▀[38;2;46;100;131m[48;2;47;100;130m▀[38;2;70;126;159m[48;2;71;127;158m▀[38;2;63;115;149m[48;2;59;110;142m▀[38;2;27;75;103m[48;2;26;72;100m▀[38;2;24;71;90m[48;2;22;68;86m▀[38;2;7;41;65m[48;2;8;42;66m▀[38;2;56;107;137m[48;2;59;107;140m▀[38;2;57;105;133m[48;2;55;100;128m▀[38;2;11;41;63m[48;2;10;40;60m▀[0m
[38;2;215;220;239m[48;2;215;221;238m▀[38;2;213;218;237m[48;2;213;219;236m▀[38;2;211;216;235m[48;2;211;217;233m▀[38;2;210;215;234m[48;2;209;215;232m▀[38;2;209;214;233m[48;2;207;213;230m▀[38;2;205;212;230m[48;2;204;211;228m▀[38;2;204;210;229m[48;2;201;208;224m▀[38;2;189;193;212m[48;2;190;194;211m▀[38;2;188;190;209m[48;2;187;188;206m▀[38;2;130;136;154m[48;2;136;141;159m▀[38;2;69;92;112m[48;2;70;88;110m▀[38;2;46;85;112m[48;2;52;82;112m▀[38;2;55;92;117m[48;2;56;82;109m▀[38;2;34;48;62m[48;2;28;37;49m▀[38;2;19;18;25m[48;2;62;48;51m▀[38;2;62;48;51m[48;2;150;113;112m▀[38;2;138;99;97m[48;2;198;141;131m▀[38;2;182;125;117m[48;2;214;147;133m▀[38;2;197;138;128m[48;2;218;155;146m▀[38;2;203;143;132m[48;2;225;162;156m▀[38;2;210;148;138m[48;2;235;167;162m▀[38;2;215;154;146m[48;2;241;171;168m▀[38;2;226;165;161m[48;2;239;175;170m▀[38;2;231;170;167m[48;2;235;178;171m▀[38;2;227;167;157m[48;2;241;182;175m▀[38;2;227;165;155m[48;2;238;177;169m▀[38;2;216;155;149m[48;2;231;169;161m▀[38;2;191;138;134m[48;2;225;163;154m▀[38;2;145;102;99m[48;2;216;156;146m▀[38;2;64;48;47m[48;2;170;127;122m▀[38;2;19;15;21m[48;2;79;55;57m▀[38;2;24;39;56m[48;2;30;35;47m▀[38;2;59;100;126m[48;2;56;91;113m▀[38;2;59;116;146m[48;2;59;112;138m▀[38;2;39;88;114m[48;2;39;86;111m▀[38;2;20;69;96m[48;2;22;69;93m▀[38;2;34;84;112m[48;2;37;86;113m▀[38;2;61;113;143m[48;2;60;111;140m▀[38;2;43;95;125m[48;2;43;93;122m▀[38;2;37;87;114m[48;2;37;84;111m▀[38;2;37;88;117m[48;2;37;87;114m▀[38;2;47;100;130m[48;2;50;101;129m▀[38;2;70;126;157m[48;2;70;123;153m▀[38;2;54;105;137m[48;2;48;100;130m▀[38;2;27;73;101m[48;2;29;75;101m▀[38;2;21;67;86m[48;2;24;63;87m▀[38;2;7;41;65m[48;2;4;43;69m▀[38;2;58;106;139m[48;2;61;111;141m▀[38;2;50;95;123m[48;2;48;89;116m▀[38;2;10;40;61m[48;2;11;39;62m▀[0m
[38;2;215;221;237m[48;2;213;219;235m▀[38;2;213;219;235m[48;2;210;216;232m▀[38;2;211;217;233m[48;2;207;213;229m▀[38;2;208;214;230m[48;2;204;210;226m▀[38;2;205;211;227m[48;2;201;207;223m▀[38;2;201;208;224m[48;2;200;206;222m▀[38;2;197;204;220m[48;2;196;202;217m▀[38;2;188;192;209m[48;2;188;192;208m▀[38;2;185;187;204m[48;2;184;186;202m▀[38;2;143;147;164m[48;2;151;151;169m▀[38;2;69;87;105m[48;2;74;90;108m▀[38;2;52;83;108m[48;2;44;84;104m▀[38;2;51;77;100m[48;2;47;78;95m▀[38;2;46;47;58m[48;2;80;72;81m▀[38;2;115;89;91m[48;2;163;125;123m▀[38;2;172;129;125m[48;2;163;118;110m▀[38;2;185;134;127m[48;2;157;109;106m▀[38;2;193;136;129m[48;2;160;110;109m▀[38;2;194;135;133m[48;2;165;113;112m▀[38;2;192;134;135m[48;2;148;99;94m▀[38;2;212;151;153m[48;2;152;100;94m▀[38;2;223;157;160m[48;2;177;115;113m▀[38;2;228;163;166m[48;2;212;147;146m▀[38;2;220;160;162m[48;2;177;116;113m▀[38;2;206;151;157m[48;2;164;109;109m▀[38;2;201;148;153m[48;2;171;117;118m▀[38;2;202;149;149m[48;2;189;134;134m▀[38;2;199;147;142m[48;2;185;129;128m▀[38;2;201;149;139m[48;2;185;127;125m▀[38;2;203;147;139m[48;2;206;141;128m▀[38;2;146;108;107m[48;2;190;148;140m▀[38;2;62;59;70m[48;2;96;82;89m▀[38;2;57;89;111m[48;2;66;89;109m▀[38;2;60;110;138m[48;2;58;109;138m▀[38;2;37;83;108m[48;2;33;80;105m▀[38;2;22;68;92m[48;2;19;65;90m▀[38;2;39;87;114m[48;2;40;88;115m▀[38;2;60;111;139m[48;2;58;108;136m▀[38;2;42;92;120m[48;2;40;90;118m▀[38;2;37;84;110m[48;2;35;82;109m▀[38;2;38;88;114m[48;2;38;87;114m▀[38;2;50;101;130m[48;2;50;100;129m▀[38;2;70;122;152m[48;2;69;120;151m▀[38;2;42;95;124m[48;2;39;90;120m▀[38;2;28;74;100m[48;2;29;74;99m▀[38;2;22;59;85m[48;2;21;57;82m▀[38;2;6;45;72m[48;2;8;47;72m▀[38;2;61;112;143m[48;2;60;111;141m▀[38;2;44;82;110m[48;2;39;76;103m▀[38;2;13;39;63m[48;2;13;39;62m▀[0m
[38;2;209;215;231m[48;2;207;213;229m▀[38;2;206;212;228m[48;2;204;210;226m▀[38;2;203;209;225m[48;2;200;206;222m▀[38;2;201;207;223m[48;2;198;204;220m▀[38;2;200;205;221m[48;2;197;202;218m▀[38;2;201;203;218m[48;2;199;201;216m▀[38;2;197;199;214m[48;2;197;199;214m▀[38;2;188;190;205m[48;2;191;193;208m▀[38;2;180;182;197m[48;2;179;181;196m▀[38;2;154;156;172m[48;2;155;158;173m▀[38;2;73;91;108m[48;2;72;90;102m▀[38;2;51;83;101m[48;2;54;80;95m▀[38;2;74;78;94m[48;2;82;73;89m▀[38;2;138;107;109m[48;2;166;120;123m▀[38;2;183;135;127m[48;2;192;131;125m▀[38;2;182;124;118m[48;2;210;139;137m▀[38;2;187;124;122m[48;2;227;151;153m▀[38;2;186;123;123m[48;2;238;162;167m▀[38;2;187;130;129m[48;2;238;167;171m▀[38;2;201;145;142m[48;2;224;155;157m▀[38;2;206;144;140m[48;2;196;129;130m▀[38;2;212;140;140m[48;2;186;123;124m▀[38;2;243;168;168m[48;2;206;143;143m▀[38;2;222;150;150m[48;2;202;133;135m▀[38;2;206;144;146m[48;2;210;137;139m▀[38;2;205;145;148m[48;2;222;149;152m▀[38;2;209;147;148m[48;2;243;172;176m▀[38;2;209;145;145m[48;2;252;183;187m▀[38;2;214;149;146m[48;2;247;179;185m▀[38;2;222;153;141m[48;2;231;159;157m▀[38;2;210;147;143m[48;2;221;143;142m▀[38;2;154;115;107m[48;2;188;127;114m▀[38;2;138;96;106m[48;2;180;112;119m▀[38;2;80;103;125m[48;2;94;100;122m▀[38;2;31;76;101m[48;2;28;72;97m▀[38;2;19;63;89m[48;2;18;63;88m▀[38;2;42;88;115m[48;2;42;88;116m▀[38;2;57;104;133m[48;2;57;104;133m▀[38;2;39;87;116m[48;2;37;85;113m▀[38;2;34;80;106m[48;2;32;78;104m▀[38;2;38;84;113m[48;2;36;81;110m▀[38;2;51;99;129m[48;2;48;96;126m▀[38;2;67;117;148m[48;2;63;113;145m▀[38;2;37;86;116m[48;2;32;81;111m▀[38;2;32;74;98m[48;2;34;76;100m▀[38;2;20;55;78m[48;2;19;53;76m▀[38;2;11;49;72m[48;2;11;48;72m▀[38;2;59;112;139m[48;2;59;112;139m▀[38;2;35;72;95m[48;2;27;64;88m▀[38;2;14;39;60m[48;2;16;41;62m▀[0m
[38;2;205;211;226m[48;2;206;212;226m▀[38;2;203;209;224m[48;2;205;211;225m▀[38;2;200;206;221m[48;2;204;210;223m▀[38;2;198;204;219m[48;2;202;208;222m▀[38;2;196;202;216m[48;2;199;205;219m▀[38;2;198;203;217m[48;2;197;203;217m▀[38;2;198;201;216m[48;2;197;200;215m▀[38;2;192;194;209m[48;2;192;194;209m▀[38;2;179;179;195m[48;2;179;179;195m▀[38;2;163;161;176m[48;2;165;164;178m▀[38;2;78;92;107m[48;2;84;99;112m▀[38;2;40;79;95m[48;2;40;76;95m▀[38;2;72;83;99m[48;2;79;87;106m▀[38;2;151;115;117m[48;2;146;110;112m▀[38;2;175;116;111m[48;2;160;104;96m▀[38;2;197;130;130m[48;2;177;113;110m▀[38;2;211;138;140m[48;2;191;122;121m▀[38;2;222;148;152m[48;2;203;134;133m▀[38;2;222;154;156m[48;2;211;147;144m▀[38;2;201;141;139m[48;2;187;131;128m▀[38;2;170;115;111m[48;2;162;105;106m▀[38;2;169;111;109m[48;2;158;95;99m▀[38;2;183;121;122m[48;2;152;91;97m▀[38;2;186;123;125m[48;2;148;94;99m▀[38;2;198;134;132m[48;2;171;114;116m▀[38;2;211;145;143m[48;2;207;145;145m▀[38;2;218;151;152m[48;2;215;149;150m▀[38;2;241;171;176m[48;2;210;139;139m▀[38;2;231;159;166m[48;2;203;128;130m▀[38;2;221;143;148m[48;2;195;123;122m▀[38;2;204;137;130m[48;2;193;121;115m▀[38;2;189;120;113m[48;2;176;120;118m▀[38;2;157;126;135m[48;2;125;118;131m▀[38;2;59;95;118m[48;2;50;93;116m▀[38;2;27;70;95m[48;2;25;68;91m▀[38;2;19;62;87m[48;2;21;62;87m▀[38;2;43;88;114m[48;2;46;90;115m▀[38;2;54;100;127m[48;2;52;98;124m▀[38;2;36;82;110m[48;2;36;82;109m▀[38;2;30;76;101m[48;2;30;73;98m▀[38;2;32;79;104m[48;2;30;76;100m▀[38;2;46;96;123m[48;2;48;95;122m▀[38;2;61;111;141m[48;2;60;109;138m▀[38;2;28;76;104m[48;2;25;71;99m▀[38;2;33;73;97m[48;2;31;72;94m▀[38;2;14;50;71m[48;2;10;47;67m▀[38;2;11;50;72m[48;2;12;52;73m▀[38;2;61;110;136m[48;2;61;107;134m▀[38;2;23;56;80m[48;2;21;51;76m▀[38;2;16;42;64m[48;2;17;45;66m▀[0m
[38;2;208;214;227m[48;2;209;216;225m▀[38;2;206;212;226m[48;2;207;214;224m▀[38;2;205;211;225m[48;2;204;211;224m▀[38;2;204;210;224m[48;2;204;210;226m▀[38;2;202;208;222m[48;2;204;210;227m▀[38;2;200;206;219m[48;2;202;210;226m▀[38;2;198;202;216m[48;2;204;210;226m▀[38;2;196;198;213m[48;2;203;208;223m▀[38;2;181;182;197m[48;2;187;189;203m▀[38;2;169;167;182m[48;2;169;169;186m▀[38;2;89;102;117m[48;2;90;100;122m▀[38;2;38;74;93m[48;2;37;70;91m▀[38;2;73;83;100m[48;2;59;81;94m▀[38;2;143;107;107m[48;2;120;97;95m▀[38;2;161;107;96m[48;2;147;97;88m▀[38;2;171;111;104m[48;2;157;102;96m▀[38;2;190;124;119m[48;2;168;106;100m▀[38;2;201;136;130m[48;2;180;117;109m▀[38;2;195;136;127m[48;2;189;130;119m▀[38;2;165;109;108m[48;2;193;135;129m▀[38;2;138;77;85m[48;2;183;122;121m▀[38;2;148;80;92m[48;2;171;107;109m▀[38;2;142;72;86m[48;2;172;104;110m▀[38;2;142;76;90m[48;2;181;112;120m▀[38;2;135;74;81m[48;2;188;126;123m▀[38;2;175;112;115m[48;2;202;141;135m▀[38;2;209;143;143m[48;2;202;138;132m▀[38;2;217;146;143m[48;2;203;137;131m▀[38;2;203;130;124m[48;2;196;127;122m▀[38;2;196;130;119m[48;2;189;122;116m▀[38;2;200;126;123m[48;2;173;116;112m▀[38;2;156;118;122m[48;2;122;94;96m▀[38;2;70;95;108m[48;2;72;79;90m▀[38;2;44;92;118m[48;2;47;74;95m▀[38;2;22;64;90m[48;2;27;53;75m▀[38;2;18;61;86m[48;2;23;56;77m▀[38;2;44;90;115m[48;2;42;81;103m▀[38;2;47;95;120m[48;2;45;85;108m▀[38;2;34;79;106m[48;2;34;71;95m▀[38;2;30;70;96m[48;2;27;65;87m▀[38;2;31;72;99m[48;2;28;68;97m▀[38;2;50;92;122m[48;2;46;90;120m▀[38;2;60;104;134m[48;2;51;99;125m▀[38;2;23;67;93m[48;2;16;65;85m▀[38;2;30;70;92m[48;2;24;66;87m▀[38;2;8;43;63m[48;2;8;38;64m▀[38;2;15;53;75m[48;2;20;50;78m▀[38;2;59;105;132m[48;2;59;103;128m▀[38;2;17;47;72m[48;2;14;43;65m▀[38;2;18;47;67m[48;2;16;47;67m▀[0m
[38;2;208;214;229m[48;2;208;210;224m▀[38;2;208;215;230m[48;2;195;192;201m▀[38;2;205;212;227m[48;2;199;194;186m▀[38;2;208;215;228m[48;2;160;154;153m▀[38;2;206;213;227m[48;2;153;147;139m▀[38;2;207;209;227m[48;2;151;139;123m▀[38;2;181;181;195m[48;2;114;101;94m▀[38;2;154;152;161m[48;2;96;83;83m▀[38;2;152;150;154m[48;2;125;113;113m▀[38;2;151;146;151m[48;2;106;97;98m▀[38;2;115;109;115m[48;2;68;60;65m▀[38;2;89;87;87m[48;2;66;53;52m▀[38;2;94;85;80m[48;2;69;54;52m▀[38;2;103;78;72m[48;2;56;42;45m▀[38;2;109;70;64m[48;2;49;30;31m▀[38;2;122;77;70m[48;2;87;54;50m▀[38;2;130;78;73m[48;2;106;64;60m▀[38;2;136;83;75m[48;2;118;71;65m▀[38;2;145;96;85m[48;2;117;74;64m▀[38;2;175;120;111m[48;2;126;77;66m▀[38;2;201;139;133m[48;2;138;83;73m▀[38;2;217;153;151m[48;2;149;92;85m▀[38;2;224;157;158m[48;2;156;97;92m▀[38;2;223;154;157m[48;2;154;93;90m▀[38;2;207;145;140m[48;2;147;92;82m▀[38;2;185;127;118m[48;2;152;97;84m▀[38;2;167;110;101m[48;2;149;93;83m▀[38;2;161;104;95m[48;2;136;84;76m▀[38;2;156;101;92m[48;2;117;74;65m▀[38;2;145;95;90m[48;2;125;84;77m▀[38;2;144;93;85m[48;2;170;118;105m▀[38;2;172;118;107m[48;2;206;148;129m▀[38;2;188;137;127m[48;2;209;158;143m▀[38;2;170;129;124m[48;2;148;111;103m▀[38;2;62;48;57m[48;2;85;72;70m▀[38;2;50;47;56m[48;2;153;144;139m▀[38;2;65;68;77m[48;2;189;180;171m▀[38;2;75;77;88m[48;2;189;175;164m▀[38;2;77;76;89m[48;2;200;183;171m▀[38;2;77;78;88m[48;2;200;184;171m▀[38;2;72;78;88m[48;2;202;187;166m▀[38;2;71;85;97m[48;2;196;182;157m▀[38;2;69;88;105m[48;2;201;186;162m▀[38;2;41;66;84m[48;2;198;186;165m▀[38;2;36;63;81m[48;2;164;157;141m▀[38;2;4;32;55m[48;2;127;130;125m▀[38;2;11;44;70m[48;2;99;114;122m▀[38;2;57;98;127m[48;2;84;108;128m▀[38;2;14;38;64m[48;2;22;38;62m▀[38;2;20;48;69m[48;2;19;44;66m▀[0m
[38;2;132;124;121m[48;2;119;101;82m▀[38;2;131;112;100m[48;2;155;131;109m▀[38;2;183;160;114m[48;2;163;139;105m▀[38;2;114;91;66m[48;2;94;78;74m▀[38;2;138;125;98m[48;2;73;69;74m▀[38;2;94;85;73m[48;2;43;45;60m▀[38;2;60;52;58m[48;2;48;50;66m▀[38;2;59;53;69m[48;2;50;52;68m▀[38;2;57;56;71m[48;2;48;49;65m▀[38;2;47;47;58m[48;2;48;48;63m▀[38;2;47;43;58m[48;2;48;45;60m▀[38;2;45;42;57m[48;2;45;42;56m▀[38;2;39;36;51m[48;2;50;46;61m▀[38;2;31;28;42m[48;2;46;42;56m▀[38;2;25;20;33m[48;2;47;43;58m▀[38;2;33;22;30m[48;2;36;33;47m▀[38;2;64;39;43m[48;2;26;22;32m▀[38;2;87;49;47m[48;2;33;22;29m▀[38;2;101;59;51m[48;2;49;27;34m▀[38;2;115;67;59m[48;2;69;37;37m▀[38;2;125;73;67m[48;2;81;43;40m▀[38;2;133;79;74m[48;2;83;45;42m▀[38;2;140;83;78m[48;2;87;46;44m▀[38;2;140;82;79m[48;2;92;49;48m▀[38;2;137;77;74m[48;2;98;54;51m▀[38;2;124;71;65m[48;2;109;68;64m▀[38;2;106;63;54m[48;2;124;85;82m▀[38;2;103;64;55m[48;2;141;102;101m▀[38;2;133;91;82m[48;2;140;98;99m▀[38;2;180;127;114m[48;2;106;78;81m▀[38;2;187;141;132m[48;2;65;50;60m▀[38;2;149;118;116m[48;2;41;38;53m▀[38;2;80;62;64m[48;2;44;44;59m▀[38;2;71;57;58m[48;2;49;46;58m▀[38;2;132;115;100m[48;2;49;43;57m▀[38;2;132;114;98m[48;2;52;45;60m▀[38;2;134;116;100m[48;2;52;45;59m▀[38;2;137;118;103m[48;2;57;50;64m▀[38;2;132;113;99m[48;2;63;57;70m▀[38;2;134;114;102m[48;2;62;60;70m▀[38;2;153;132;117m[48;2;63;59;70m▀[38;2;166;144;125m[48;2;67;61;73m▀[38;2;169;145;124m[48;2;70;62;75m▀[38;2;177;153;127m[48;2;73;64;78m▀[38;2;181;157;128m[48;2;77;66;82m▀[38;2;185;162;134m[48;2;79;68;81m▀[38;2;190;170;142m[48;2;84;72;81m▀[38;2;189;169;141m[48;2;93;82;88m▀[38;2;166;152;139m[48;2;109;93;95m▀[38;2;137;134;134m[48;2;118;99;95m▀[0m
[38;2;120;102;86m[48;2;106;92;94m▀[38;2;138;127;96m[48;2;102;97;87m▀[38;2;95;84;73m[48;2;73;67;63m▀[38;2;96;79;86m[48;2;110;92;79m▀[38;2;135;118;101m[48;2;195;164;123m▀[38;2;131;116;100m[48;2;218;175;120m▀[38;2;138;119;102m[48;2;221;171;116m▀[38;2;115;94;80m[48;2;228;177;122m▀[38;2;114;94;89m[48;2;224;178;122m▀[38;2;98;82;82m[48;2;219;178;121m▀[38;2;91;79;78m[48;2;214;176;123m▀[38;2;88;78;78m[48;2;210;179;132m▀[38;2;57;51;56m[48;2;161;138;107m▀[38;2;56;51;66m[48;2;134;116;102m▀[38;2;58;49;68m[48;2;98;82;80m▀[38;2;60;49;66m[48;2;100;86;86m▀[38;2;52;46;62m[48;2;90;77;82m▀[38;2;45;41;57m[48;2;79;68;78m▀[38;2;36;31;49m[48;2;64;54;69m▀[38;2;34;28;40m[48;2;50;48;63m▀[38;2;43;33;40m[48;2;47;50;66m▀[38;2;55;38;45m[48;2;44;42;63m▀[38;2;64;46;53m[48;2;41;38;56m▀[38;2;72;58;63m[48;2;46;43;53m▀[38;2;79;62;66m[48;2;54;46;62m▀[38;2;81;62;67m[48;2;66;54;71m▀[38;2;73;56;65m[48;2;76;61;73m▀[38;2;50;42;52m[48;2;95;73;81m▀[38;2;35;36;46m[48;2;102;77;84m▀[38;2;36;37;51m[48;2;97;76;84m▀[38;2;43;38;52m[48;2;105;73;83m▀[38;2;60;51;65m[48;2;160;115;124m▀[38;2;56;48;62m[48;2;183;131;137m▀[38;2;50;46;60m[48;2;172;121;123m▀[38;2;54;50;63m[48;2;166;121;121m▀[38;2;58;54;66m[48;2;158;116;119m▀[38;2;59;56;67m[48;2;144;107;114m▀[38;2;61;58;69m[48;2;131;98;109m▀[38;2;61;56;69m[48;2;112;86;99m▀[38;2;64;58;74m[48;2;81;67;82m▀[38;2;64;61;76m[48;2;64;58;72m▀[38;2;66;62;77m[48;2;59;59;71m▀[38;2;70;60;78m[48;2;64;60;74m▀[38;2;73;61;78m[48;2;69;61;77m▀[38;2;73;64;78m[48;2;68;60;75m▀[38;2;72;64;79m[48;2;68;60;76m▀[38;2;71;64;78m[48;2;69;61;77m▀[38;2;70;63;78m[48;2;67;59;75m▀[38;2;66;60;79m[48;2;76;73;87m▀[38;2;102;97;104m[48;2;184;181;174m▀[0m
[38;2;132;112;92m[48;2;184;155;124m▀[38;2;144;128;112m[48;2;147;118;93m▀[38;2;123;104;68m[48;2;202;161;104m▀[38;2;215;183;125m[48;2;221;170;118m▀[38;2;227;188;119m[48;2;189;150;96m▀[38;2;215;179;114m[48;2;183;147;108m▀[38;2;210;166;116m[48;2;160;125;95m▀[38;2;228;180;129m[48;2;179;143;111m▀[38;2;217;173;113m[48;2;199;160;107m▀[38;2;225;185;117m[48;2;239;202;134m▀[38;2;240;199;124m[48;2;197;165;113m▀[38;2;237;195;124m[48;2;160;131;101m▀[38;2;228;190;135m[48;2;170;149;117m▀[38;2;169;137;110m[48;2;145;129;98m▀[38;2;155;129;114m[48;2;152;128;102m▀[38;2;141;117;97m[48;2;186;156;123m▀[38;2;174;148;124m[48;2;207;177;142m▀[38;2;160;135;107m[48;2;213;183;151m▀[38;2;160;136;105m[48;2;220;192;168m▀[38;2;150;124;95m[48;2;220;190;159m▀[38;2;140;117;97m[48;2;196;165;123m▀[38;2;124;105;94m[48;2;190;159;115m▀[38;2;132;111;99m[48;2;173;140;107m▀[38;2;135;110;88m[48;2;151;112;98m▀[38;2;150;108;99m[48;2;164;117;104m▀[38;2;145;94;93m[48;2;170;118;105m▀[38;2;148;95;91m[48;2;169;115;105m▀[38;2;168;113;108m[48;2;188;132;126m▀[38;2;182;125;118m[48;2;205;148;144m▀[38;2;202;142;138m[48;2;211;152;148m▀[38;2;221;157;155m[48;2;218;159;155m▀[38;2;229;160;159m[48;2;224;162;159m▀[38;2;234;166;164m[48;2;225;161;159m▀[38;2;237;173;168m[48;2;226;163;161m▀[38;2;234;172;167m[48;2;229;169;168m▀[38;2;236;173;168m[48;2;234;175;174m▀[38;2;237;175;170m[48;2;236;176;175m▀[38;2;233;171;168m[48;2;234;174;173m▀[38;2;228;166;163m[48;2;233;173;171m▀[38;2;211;155;151m[48;2;235;173;167m▀[38;2;172;129;129m[48;2;239;171;164m▀[38;2;121;94;100m[48;2;232;166;160m▀[38;2;80;66;79m[48;2;207;153;150m▀[38;2;64;55;73m[48;2;158;120;121m▀[38;2;66;60;76m[48;2;84;64;73m▀[38;2;69;62;76m[48;2;54;52;63m▀[38;2;70;62;75m[48;2;54;51;61m▀[38;2;67;57;72m[48;2;109;83;88m▀[38;2;93;76;89m[48;2;188;136;135m▀[38;2;197;167;167m[48;2;214;151;148m▀[0m
[38;2;127;101;85m[48;2;105;82;70m▀[38;2;124;95;75m[48;2;155;124;90m▀[38;2;204;162;108m[48;2;216;175;114m▀[38;2;158;115;86m[48;2;165;128;93m▀[38;2;130;102;81m[48;2;131;110;96m▀[38;2;163;129;97m[48;2;119;98;89m▀[38;2;123;103;83m[48;2;111;90;87m▀[38;2;89;75;77m[48;2;146;124;103m▀[38;2;115;94;82m[48;2;185;159;120m▀[38;2;175;151;110m[48;2;199;171;132m▀[38;2;154;128;98m[48;2;213;188;156m▀[38;2;178;145;125m[48;2;210;178;156m▀[38;2;197;163;129m[48;2;209;167;152m▀[38;2;203;170;135m[48;2;218;161;162m▀[38;2;214;181;158m[48;2;180;135;141m▀[38;2;213;189;171m[48;2;101;82;82m▀[38;2;182;169;154m[48;2;86;68;74m▀[38;2;141;132;121m[48;2;106;75;82m▀[38;2;124;109;102m[48;2;183;130;133m▀[38;2;183;167;161m[48;2;123;87;86m▀[38;2;223;205;186m[48;2;147;136;128m▀[38;2;196;169;132m[48;2;213;199;184m▀[38;2;178;139;106m[48;2;194;164;145m▀[38;2;146;95;81m[48;2;158;120;96m▀[38;2;128;83;77m[48;2;129;95;83m▀[38;2;129;86;80m[48;2;130;92;89m▀[38;2;144;95;89m[48;2;160;112;108m▀[38;2;168;113;106m[48;2;183;129;123m▀[38;2;184;125;119m[48;2;202;145;136m▀[38;2;195;136;131m[48;2;218;156;153m▀[38;2;210;151;147m[48;2;220;156;155m▀[38;2;221;159;156m[48;2;217;150;150m▀[38;2;227;162;160m[48;2;214;148;148m▀[38;2;225;160;158m[48;2;208;145;144m▀[38;2;222;162;161m[48;2;205;146;145m▀[38;2;225;164;163m[48;2;212;152;151m▀[38;2;226;166;165m[48;2;218;158;157m▀[38;2;227;167;166m[48;2;221;161;160m▀[38;2;230;170;170m[48;2;226;165;165m▀[38;2;231;168;170m[48;2;230;164;166m▀[38;2;232;167;161m[48;2;227;164;162m▀[38;2;234;167;157m[48;2;223;162;158m▀[38;2;238;171;163m[48;2;232;170;167m▀[38;2;240;173;166m[48;2;227;161;158m▀[38;2;165;115;111m[48;2;198;139;132m▀[38;2;56;40;47m[48;2;178;146;141m▀[38;2;41;36;46m[48;2;153;138;138m▀[38;2;87;63;66m[48;2;139;129;136m▀[38;2;192;141;136m[48;2;171;138;139m▀[38;2;203;141;132m[48;2;212;157;148m▀[0m
[38;2;101;87;72m[48;2;122;105;80m▀[38;2;147;120;78m[48;2;191;161;119m▀[38;2;229;194;132m[48;2;217;180;126m▀[38;2;187;160;112m[48;2;203;174;127m▀[38;2;152;131;102m[48;2;210;192;162m▀[38;2;180;151;117m[48;2;212;200;182m▀[38;2;214;184;145m[48;2;185;168;153m▀[38;2;218;191;158m[48;2;185;153;142m▀[38;2;215;192;174m[48;2;216;165;159m▀[38;2;213;185;178m[48;2;230;168;166m▀[38;2;221;169;167m[48;2;234;169;169m▀[38;2;222;157;158m[48;2;209;145;145m▀[38;2;206;139;141m[48;2;164;111;107m▀[38;2;171;114;111m[48;2;145;114;103m▀[38;2;140;107;101m[48;2;117;94;82m▀[38;2;100;81;77m[48;2;162;122;113m▀[38;2;126;92;91m[48;2;220;160;152m▀[38;2;191;141;138m[48;2;217;152;144m▀[38;2;200;136;130m[48;2;179;127;120m▀[38;2;157;109;104m[48;2;141;109;95m▀[38;2;76;53;48m[48;2;111;83;67m▀[38;2;149;124;120m[48;2;160;111;104m▀[38;2;216;176;179m[48;2;220;159;159m▀[38;2;171;138;140m[48;2;195;156;151m▀[38;2;112;78;71m[48;2;165;141;137m▀[38;2;120;77;66m[48;2;120;89;81m▀[38;2;129;79;72m[48;2;118;80;66m▀[38;2;126;78;75m[48;2;129;88;80m▀[38;2;129;85;84m[48;2;132;93;94m▀[38;2;147;102;98m[48;2;158;110;108m▀[38;2;168;114;111m[48;2;191;135;133m▀[38;2;188;125;125m[48;2;192;130;130m▀[38;2;199;134;135m[48;2;177;117;117m▀[38;2;196;134;133m[48;2;174;118;116m▀[38;2;188;128;127m[48;2;178;119;117m▀[38;2;202;142;141m[48;2;182;122;120m▀[38;2;211;151;150m[48;2;187;128;126m▀[38;2;211;151;150m[48;2;185;125;123m▀[38;2;211;151;150m[48;2;179;120;117m▀[38;2;211;152;151m[48;2;170;118;114m▀[38;2;211;152;149m[48;2;164;114;108m▀[38;2;212;153;147m[48;2;167;117;110m▀[38;2;187;129;121m[48;2;132;82;73m▀[38;2;177;117;106m[48;2;139;95;84m▀[38;2;193;139;128m[48;2;150;114;106m▀[38;2;192;158;153m[48;2;180;149;150m▀[38;2;186;168;169m[48;2;169;145;150m▀[38;2;150;138;140m[48;2;107;90;93m▀[38;2;142;113;111m[48;2;134;101;98m▀[38;2;196;147;141m[48;2;189;135;131m▀[0m
[38;2;159;136;104m[48;2;190;171;153m▀[38;2;191;165;137m[48;2;193;174;159m▀[38;2;205;188;164m[48;2;164;120;118m▀[38;2;198;188;172m[48;2;133;72;79m▀[38;2;158;146;137m[48;2;116;70;71m▀[38;2;114;97;91m[48;2;170;129;123m▀[38;2;144;107;105m[48;2;206;155;151m▀[38;2;210;154;154m[48;2;219;158;156m▀[38;2;226;165;162m[48;2;223;158;156m▀[38;2;231;169;164m[48;2;225;161;157m▀[38;2;232;166;165m[48;2;226;161;159m▀[38;2;226;160;158m[48;2;225;160;158m▀[38;2;221;158;155m[48;2;225;160;158m▀[38;2;217;156;153m[48;2;220;154;152m▀[38;2;211;154;147m[48;2;217;150;148m▀[38;2;225;163;155m[48;2;220;149;149m▀[38;2;223;152;148m[48;2;218;147;147m▀[38;2;206;142;139m[48;2;215;149;146m▀[38;2;151;109;103m[48;2;218;160;154m▀[38;2;154;119;107m[48;2;224;165;159m▀[38;2;179;134;123m[48;2;216;151;148m▀[38;2;220;161;157m[48;2;186;123;121m▀[38;2;208;149;146m[48;2;168;111;109m▀[38;2;157;114;107m[48;2;192;143;140m▀[38;2;116;87;82m[48;2;97;78;76m▀[38;2;128;98;98m[48;2;67;59;55m▀[38;2;134;98;98m[48;2;110;100;90m▀[38;2;130;88;85m[48;2;160;150;137m▀[38;2;128;85;76m[48;2;165;153;137m▀[38;2;114;78;68m[48;2;150;127;103m▀[38;2;106;66;57m[48;2;158;126;90m▀[38;2;143;98;82m[48;2;192;151;105m▀[38;2;143;101;76m[48;2;194;149;99m▀[38;2;145;106;75m[48;2;175;131;86m▀[38;2;143;98;77m[48;2;143;107;86m▀[38;2;127;89;73m[48;2;103;74;55m▀[38;2;101;67;53m[48;2;120;96;77m▀[38;2;125;82;69m[48;2;104;80;65m▀[38;2;166;115;96m[48;2;126;96;74m▀[38;2;167;122;90m[48;2;200;159;112m▀[38;2;134;99;70m[48;2;189;149;99m▀[38;2;98;71;48m[48;2;178;139;94m▀[38;2;70;44;26m[48;2;125;85;53m▀[38;2;100;71;57m[48;2;145;104;78m▀[38;2;122;93;85m[48;2;129;94;74m▀[38;2;134;113;116m[48;2;85;61;56m▀[38;2;130;106;111m[48;2;92;66;67m▀[38;2;147;110;104m[48;2;120;78;73m▀[38;2;184;130;124m[48;2;142;89;83m▀[38;2;194;133;132m[48;2;154;99;98m▀[0m
[38;2;195;152;139m[48;2;210;142;134m▀[38;2;169;115;105m[48;2;193;114;110m▀[38;2;188;71;80m[48;2;196;60;75m▀[38;2;185;58;69m[48;2;186;83;86m▀[38;2;193;111;107m[48;2;203;144;135m▀[38;2;215;152;147m[48;2;210;146;143m▀[38;2;218;156;151m[48;2;210;145;143m▀[38;2;216;153;150m[48;2;208;143;141m▀[38;2;217;151;149m[48;2;204;139;137m▀[38;2;216;149;148m[48;2;199;134;132m▀[38;2;212;147;145m[48;2;192;128;126m▀[38;2;209;145;143m[48;2;185;123;120m▀[38;2;207;143;141m[48;2;181;121;118m▀[38;2;205;141;139m[48;2;176;117;114m▀[38;2;203;139;138m[48;2;170;112;108m▀[38;2;194;131;131m[48;2;170;112;108m▀[38;2;186;125;122m[48;2;177;118;114m▀[38;2;193;133;127m[48;2;184;126;122m▀[38;2;195;135;127m[48;2;179;120;117m▀[38;2;183;126;119m[48;2;188;130;127m▀[38;2;180;124;119m[48;2;205;145;140m▀[38;2;197;141;136m[48;2;197;136;128m▀[38;2;213;158;155m[48;2;162;112;105m▀[38;2;185;134;134m[48;2;128;95;88m▀[38;2;95;73;68m[48;2;110;93;78m▀[38;2;111;102;92m[48;2;102;93;77m▀[38;2;83;75;68m[48;2;81;73;74m▀[38;2;90;81;81m[48;2;100;89;97m▀[38;2;114;105;103m[48;2;129;117;98m▀[38;2;110;96;83m[48;2;163;149;112m▀[38;2;126;107;89m[48;2;131;113;94m▀[38;2;162;140;117m[48;2;135;117;99m▀[38;2;169;147;127m[48;2;135;118;94m▀[38;2;135;113;103m[48;2;152;134;119m▀[38;2;121;97;87m[48;2;139;125;112m▀[38;2;128;105;81m[48;2;102;87;71m▀[38;2;151;127;94m[48;2;129;111;96m▀[38;2;155;129;100m[48;2;177;158;145m▀[38;2;114;86;64m[48;2;145;127;111m▀[38;2;131;102;74m[48;2;132;115;95m▀[38;2;168;130;88m[48;2;121;91;79m▀[38;2;194;149;105m[48;2;151;115;78m▀[38;2;157;113;72m[48;2;174;137;89m▀[38;2;183;138;92m[48;2;167;127;94m▀[38;2;164;123;81m[48;2;135;103;71m▀[38;2;119;99;79m[48;2;101;87;69m▀[38;2;51;39;42m[48;2;31;27;36m▀[38;2;60;42;48m[48;2;31;27;39m▀[38;2;91;60;60m[48;2;90;80;85m▀[38;2;99;63;60m[48;2;88;71;80m▀[0m
[38;2;199;138;128m[48;2;187;122;116m▀[38;2;190;127;118m[48;2;171;102;96m▀[38;2;200;80;90m[48;2;170;44;56m▀[38;2;188;88;91m[48;2;179;54;64m▀[38;2;189;123;116m[48;2;175;100;95m▀[38;2;194;130;127m[48;2;181;114;112m▀[38;2;193;128;126m[48;2;179;115;111m▀[38;2;188;124;122m[48;2;172;111;105m▀[38;2;184;118;116m[48;2;167;106;99m▀[38;2;178;113;111m[48;2;161;103;93m▀[38;2;171;110;107m[48;2;155;103;94m▀[38;2;167;108;104m[48;2;154;96;95m▀[38;2;163;106;102m[48;2;150;92;84m▀[38;2;158;104;99m[48;2;146;90;81m▀[38;2;155;101;95m[48;2;142;88;81m▀[38;2;156;101;95m[48;2;137;86;78m▀[38;2;154;99;93m[48;2;122;76;72m▀[38;2;153;97;92m[48;2;108;67;66m▀[38;2;155;99;94m[48;2;98;63;62m▀[38;2;156;100;93m[48;2;128;93;82m▀[38;2;158;105;100m[48;2;143;113;102m▀[38;2;129;88;85m[48;2;94;75;71m▀[38;2;105;77;71m[48;2;104;91;81m▀[38;2;114;98;85m[48;2;141;128;105m▀[38;2;146;127;100m[48;2;162;139;110m▀[38;2;165;146;117m[48;2;155;133;112m▀[38;2;136;120;108m[48;2;105;88;81m▀[38;2;98;78;74m[48;2;127;109;99m▀[38;2;168;147;116m[48;2;145;126;98m▀[38;2;196;173;122m[48;2;140;124;103m▀[38;2;162;137;106m[48;2;108;93;80m▀[38;2;179;157;130m[48;2;121;106;96m▀[38;2;153;136;105m[48;2;175;161;152m▀[38;2;133;119;103m[48;2;204;190;186m▀[38;2;147;139;139m[48;2;188;168;151m▀[38;2;162;145;129m[48;2;185;154;115m▀[38;2;179;152;118m[48;2;195;158;113m▀[38;2;185;161;117m[48;2;162;134;113m▀[38;2;157;143;105m[48;2;100;82;78m▀[38;2;74;65;58m[48;2;152;135;102m▀[38;2;113;89;80m[48;2;195;166;115m▀[38;2;183;151;103m[48;2;214;172;119m▀[38;2;189;152;96m[48;2;218;176;106m▀[38;2;152;114;81m[48;2;216;178;114m▀[38;2;149;121;89m[48;2;208;174;110m▀[38;2;91;72;51m[48;2;210;177;119m▀[38;2;36;26;37m[48;2;157;132;103m▀[38;2;23;20;43m[48;2;77;68;68m▀[38;2;16;19;34m[48;2;41;40;55m▀[38;2;10;13;26m[48;2;40;40;58m▀[0m
[38;2;150;99;92m[48;2;122;72;65m▀[38;2;158;99;93m[48;2;120;73;66m▀[38;2;148;87;79m[48;2;112;68;59m▀[38;2;161;70;70m[48;2;118;43;42m▀[38;2;184;63;72m[48;2;149;35;44m▀[38;2;157;76;72m[48;2;157;46;52m▀[38;2;155;90;82m[48;2;166;44;54m▀[38;2;147;93;84m[48;2;145;39;48m▀[38;2;139;89;80m[48;2;116;44;47m▀[38;2;127;81;72m[48;2;92;56;54m▀[38;2;111;69;66m[48;2;60;48;47m▀[38;2;113;68;69m[48;2;84;68;62m▀[38;2;126;85;72m[48;2;135;119;101m▀[38;2;103;69;59m[48;2;104;89;82m▀[38;2;77;49;54m[48;2;96;80;78m▀[38;2;75;55;53m[48;2;116;99;80m▀[38;2;117;102;84m[48;2;148;129;103m▀[38;2;102;91;74m[48;2;160;139;109m▀[38;2;80;69;69m[48;2;174;150;121m▀[38;2;115;103;94m[48;2;181;159;130m▀[38;2;147;127;104m[48;2;151;132;112m▀[38;2;175;147;125m[48;2;118;99;92m▀[38;2;151;126;108m[48;2;121;104;96m▀[38;2;114;101;87m[48;2;154;136;118m▀[38;2;85;71;76m[48;2;117;103;94m▀[38;2;89;74;76m[48;2;112;96;92m▀[38;2;109;95;83m[48;2;125;105;101m▀[38;2;140;122;109m[48;2;104;88;87m▀[38;2;122;101;95m[48;2;106;96;91m▀[38;2;96;83;76m[48;2;167;156;146m▀[38;2;136;123;117m[48;2;213;195;186m▀[38;2;206;189;179m[48;2;194;168;159m▀[38;2;206;187;173m[48;2;179;151;121m▀[38;2;179;156;130m[48;2;189;159;116m▀[38;2;193;159;114m[48;2;185;155;122m▀[38;2;192;160;123m[48;2;129;112;101m▀[38;2;151;127;108m[48;2;79;69;75m▀[38;2;84;71;73m[48;2;101;88;88m▀[38;2;71;60;76m[48;2;119;98;93m▀[38;2;114;97;89m[48;2;143;117;102m▀[38;2;153;131;97m[48;2;148;125;104m▀[38;2;180;150;105m[48;2;128;104;86m▀[38;2;213;177;118m[48;2;169;141;106m▀[38;2;187;149;111m[48;2;178;142;107m▀[38;2;187;155;108m[48;2;207;170;117m▀[38;2;209;173;119m[48;2;193;159;104m▀[38;2;200;164;116m[48;2;213;176;127m▀[38;2;157;128;94m[48;2;200;159;115m▀[38;2;109;94;86m[48;2;171;138;108m▀[38;2;49;45;56m[48;2;117;97;87m▀[0m
[38;2;82;55;52m[48;2;83;73;77m▀[38;2;77;56;49m[48;2;104;94;87m▀[38;2;80;66;58m[48;2;108;98;83m▀[38;2;53;43;40m[48;2;112;99;86m▀[38;2;52;43;41m[48;2;127;113;102m▀[38;2;90;52;45m[48;2;117;100;87m▀[38;2;140;57;60m[48;2;104;91;85m▀[38;2;151;92;82m[48;2;101;96;90m▀[38;2;150;125;100m[48;2;118;106;93m▀[38;2;155;129;106m[48;2;134;113;97m▀[38;2;166;145;124m[48;2;126;110;96m▀[38;2;163;142;117m[48;2;110;95;82m▀[38;2;163;143;114m[48;2;117;100;90m▀[38;2;167;146;117m[48;2;131;114;104m▀[38;2;165;143;114m[48;2;135;117;105m▀[38;2;153;129;104m[48;2;133;113;98m▀[38;2;145;123;104m[48;2;138;118;98m▀[38;2;130;108;97m[48;2;169;149;120m▀[38;2;119;98;92m[48;2;174;155;116m▀[38;2;139;121;106m[48;2;180;155;116m▀[38;2;145;130;111m[48;2;182;152;123m▀[38;2;120;107;93m[48;2;162;138;123m▀[38;2;124;110;99m[48;2;123;106;100m▀[38;2;136;121;109m[48;2;115;102;104m▀[38;2;144;128;109m[48;2;102;87;95m▀[38;2;128;114;102m[48;2;118;106;103m▀[38;2;104;92;91m[48;2;170;161;147m▀[38;2;133;121;115m[48;2;204;191;179m▀[38;2;198;183;178m[48;2;185;164;149m▀[38;2;202;187;180m[48;2;173;146;120m▀[38;2;179;152;136m[48;2;185;154;120m▀[38;2;187;151;120m[48;2;191;158;117m▀[38;2;185;151;117m[48;2;202;171;126m▀[38;2;177;150;120m[48;2;199;169;128m▀[38;2;126;107;99m[48;2;194;160;124m▀[38;2;113;98;95m[48;2;195;166;134m▀[38;2;144;118;105m[48;2;174;139;100m▀[38;2;158;128;109m[48;2;148;113;96m▀[38;2;133;114;99m[48;2;129;108;103m▀[38;2;149;123;100m[48;2;170;144;116m▀[38;2;184;151;121m[48;2;149;118;106m▀[38;2;152;129;105m[48;2;111;92;92m▀[38;2;148;128;103m[48;2;143;121;98m▀[38;2;171;138;103m[48;2;203;168;120m▀[38;2;196;161;113m[48;2;195;165;111m▀[38;2;207;176;127m[48;2;204;178;124m▀[38;2;154;120;84m[48;2;174;144;104m▀[38;2;201;161;120m[48;2;194;158;111m▀[38;2;207;169;120m[48;2;205;165;109m▀[38;2;176;145;109m[48;2;207;169;117m▀[0m
[38;2;72;69;64m[48;2;134;128;115m▀[38;2;86;77;83m[48;2;72;61;65m▀[38;2;95;80;79m[48;2;130;118;102m▀[38;2;152;135;110m[48;2;148;136;98m▀[38;2;167;146;109m[48;2;143;127;100m▀[38;2;175;153;114m[48;2;136;120;88m▀[38;2;185;169;125m[48;2;176;158;119m▀[38;2;146;126;98m[48;2;150;131;112m▀[38;2;109;90;82m[48;2;85;72;68m▀[38;2;109;97;90m[48;2;114;104;92m▀[38;2;118;104;93m[48;2;125;106;94m▀[38;2;120;105;99m[48;2;129;110;103m▀[38;2;127;115;100m[48;2;123;109;95m▀[38;2;122;109;100m[48;2;107;92;93m▀[38;2;99;83;85m[48;2;110;96;90m▀[38;2;129;110;97m[48;2;163;147;119m▀[38;2;187;168;127m[48;2;165;142;116m▀[38;2;172;149;103m[48;2;144;120;97m▀[38;2;165;138;109m[48;2;165;144;125m▀[38;2;172;147;123m[48;2;114;95;89m▀[38;2;175;154;120m[48;2;113;98;86m▀[38;2;173;156;125m[48;2;108;93;83m▀[38;2;129;112;109m[48;2;127;115;105m▀[38;2;104;90;88m[48;2;178;166;163m▀[38;2;148;135;125m[48;2;198;180;180m▀[38;2;194;180;176m[48;2;179;156;148m▀[38;2;193;176;172m[48;2;171;143;123m▀[38;2;172;147;128m[48;2;171;141;108m▀[38;2;177;145;112m[48;2;179;148;109m▀[38;2;180;145;111m[48;2;155;135;112m▀[38;2;176;145;114m[48;2;107;85;96m▀[38;2;155;128;102m[48;2;110;87;83m▀[38;2;195;166;134m[48;2;186;159;123m▀[38;2;204;173;122m[48;2;173;138;110m▀[38;2;204;173;121m[48;2;166;133;112m▀[38;2;202;170;134m[48;2;182;148;116m▀[38;2;182;141;115m[48;2;200;164;121m▀[38;2;193;151;122m[48;2;204;163;117m▀[38;2;159;128;106m[48;2;203;163;117m▀[38;2;137;110;98m[48;2;196;163;118m▀[38;2;134;107;91m[48;2;198;164;117m▀[38;2;150;126;105m[48;2;201;164;117m▀[38;2;190;156;117m[48;2;198;159;112m▀[38;2;203;159;108m[48;2;197;159;112m▀[38;2;204;167;114m[48;2;197;159;111m▀[38;2;199;164;109m[48;2;197;160;109m▀[38;2;198;161;114m[48;2;200;163;110m▀[38;2;199;158;106m[48;2;198;161;106m▀[38;2;196;158;104m[48;2;190;160;110m▀[38;2;178;144;101m[48;2;126;103;74m▀[0m
[38;2;181;169;180m[48;2;146;132;114m▀[38;2;142;133;125m[48;2;174;160;159m▀[38;2;74;63;68m[48;2;150;142;138m▀[38;2;57;46;54m[48;2;70;68;61m▀[38;2;126;118;97m[48;2;66;63;67m▀[38;2;139;125;97m[48;2;115;104;94m▀[38;2;135;119;87m[48;2;136;121;97m▀[38;2;126;109;98m[48;2;139;124;104m▀[38;2;75;64;70m[48;2;89;79;78m▀[38;2;97;88;85m[48;2;68;60;70m▀[38;2;150;134;109m[48;2;114;100;96m▀[38;2;155;140;109m[48;2;104;91;80m▀[38;2;123;107;101m[48;2;81;66;76m▀[38;2;85;69;75m[48;2;99;86;89m▀[38;2;123;107;102m[48;2;144;130;111m▀[38;2;146;127;107m[48;2;134;117;97m▀[38;2;158;138;105m[48;2;110;93;86m▀[38;2;160;143;115m[48;2;89;73;83m▀[38;2;120;106;101m[48;2;90;79;83m▀[38;2;81;68;77m[48;2;139;126;123m▀[38;2;106;92;98m[48;2;183;169;159m▀[38;2;158;144;137m[48;2;185;170;166m▀[38;2;193;175;175m[48;2;166;145;140m▀[38;2;183;164;158m[48;2;157;129;105m▀[38;2;165;143;119m[48;2;168;135;104m▀[38;2;167;134;105m[48;2;172;140;111m▀[38;2;176;138;107m[48;2;152;125;104m▀[38;2;171;139;115m[48;2;107;88;84m▀[38;2;131;111;99m[48;2;79;66;78m▀[38;2;86;74;79m[48;2;75;64;78m▀[38;2;92;74;87m[48;2;121;100;94m▀[38;2;140;117;110m[48;2;161;130;123m▀[38;2;143;120;98m[48;2;101;75;72m▀[38;2;131;108;98m[48;2;145;126;108m▀[38;2;134;109;99m[48;2;164;130;102m▀[38;2;132;104;94m[48;2;151;125;119m▀[38;2;147;115;97m[48;2;94;75;78m▀[38;2;185;153;117m[48;2;135;111;91m▀[38;2;194;160;111m[48;2;192;160;115m▀[38;2;193;157;108m[48;2;190;155;108m▀[38;2;192;154;108m[48;2;189;152;106m▀[38;2;192;151;108m[48;2;190;151;107m▀[38;2;192;148;108m[48;2;189;148;106m▀[38;2;196;154;113m[48;2;190;149;105m▀[38;2;190;151;107m[48;2;190;150;103m▀[38;2;190;152;106m[48;2;191;151;103m▀[38;2;191;153;105m[48;2;188;149;100m▀[38;2;192;155;104m[48;2;190;150;101m▀[38;2;193;157;105m[48;2;193;153;103m▀[38;2;178;146;100m[48;2;193;153;104m▀[0m
[38;2;137;118;86m[48;2;139;113;93m▀[38;2;142;124;109m[48;2;137;117;77m▀[38;2;164;150;151m[48;2;134;117;92m▀[38;2;157;149;149m[48;2;153;138;143m▀[38;2;92;88;88m[48;2;162;150;154m▀[38;2;59;51;67m[48;2;122;110;106m▀[38;2;66;57;64m[48;2;59;52;55m▀[38;2;103;93;91m[48;2;46;43;54m▀[38;2;104;91;88m[48;2;66;60;68m▀[38;2;81;67;70m[48;2;85;76;78m▀[38;2;70;59;69m[48;2;64;56;61m▀[38;2;84;73;79m[48;2;89;79;92m▀[38;2;92;82;84m[48;2;83;75;75m▀[38;2;98;88;86m[48;2;67;57;71m▀[38;2;97;85;83m[48;2;65;52;78m▀[38;2;76;59;75m[48;2;93;82;81m▀[38;2;79;62;79m[48;2;138;126;115m▀[38;2;116;103;93m[48;2;171;155;152m▀[38;2;164;151;144m[48;2;169;149;146m▀[38;2;180;166;164m[48;2;147;124;110m▀[38;2;164;147;138m[48;2;149;119;95m▀[38;2;148;126;109m[48;2;162;128;100m▀[38;2;156;128;103m[48;2;156;125;95m▀[38;2;170;136;106m[48;2;147;123;99m▀[38;2;159;126;102m[48;2;101;85;81m▀[38;2;130;108;95m[48;2;115;94;84m▀[38;2;83;75;75m[48;2;152;124;102m▀[38;2;73;65;77m[48;2;127;107;92m▀[38;2;81;65;83m[48;2;92;82;80m▀[38;2;103;86;91m[48;2;124;101;94m▀[38;2;120;98;86m[48;2;128;104;89m▀[38;2;156;125;115m[48;2;120;96;92m▀[38;2;149;116;105m[48;2;112;88;92m▀[38;2;162;133;103m[48;2;127;104;96m▀[38;2;160;131;99m[48;2;145;116;98m▀[38;2;120;94;90m[48;2;151;122;95m▀[38;2;113;86;90m[48;2;176;145;108m▀[38;2;167;131;107m[48;2;185;150;106m▀[38;2;190;149;99m[48;2;185;149;101m▀[38;2;188;153;106m[48;2;184;149;104m▀[38;2;188;151;106m[48;2;185;148;103m▀[38;2;186;149;104m[48;2;183;146;101m▀[38;2;188;148;103m[48;2;185;145;101m▀[38;2;188;147;101m[48;2;183;143;97m▀[38;2;189;149;100m[48;2;183;143;95m▀[38;2;189;149;100m[48;2;183;143;94m▀[38;2;185;145;96m[48;2;182;142;93m▀[38;2;188;147;98m[48;2;180;140;91m▀[38;2;186;149;100m[48;2;177;142;92m▀[38;2;184;150;99m[48;2;177;146;94m▀[0m